772.768
8.936
169.632
212.741
260.497
293.811
292.391
279.718
252.887
212.279
157.539
10.917
990.868
11.2238
173.237
221.011
267.454
286.774
293.654
282.741
251.602
208.884
152.654
994.845
769.502
10.009
132.206
195.796
256.285
297.751
290.659
279.325
260.494
213.515
140.782
919.253
693.021
11.3519
152.716
21.871
26.278
292.731
288.224
279.196
253.069
203.797
154.972
10.7429
675.049
670.157
12.538
198.944
272.105
293.196
293.462
282.935
255.066
214.719
16.119
10.2265
699.888
833.483
142.171
203.203
271.914
289.734
29.352
282.059
249.951
213.343
162.258
11.5644
10.438
912.774
142.894
206.502
246.617
28.011
295.999
272.584
249.491
201.053
154.206
960.512
916.938
10.4964
150.003
215.965
257.166
293.539
284.189
268.204
242.037
197.193
146.582
950.828
703.193
929.564
157.865
209.503
255.858
290.509
279.125
272.877
239.227
202.239
162.276
969.758
828.281
10.7145
150.186
200.475
262.383
289.664
280.875
273.745
250.666
201.877
141.164
860.299
835.633
10.6605
138.202
20.689
266.186
292.712
291.161
279.389
255.788
207.565
131.283
973.885
934.208
11.6986
151.625
217.373
26.375
298.667
294.885
273.773
241.663
208.547
140.833
987.688
956.291
979.157
133.825
214.796
259.573
287.924
285.364
272.439
245.046
208.197
144.341
988.549
10.5031
937.876
147.735
211.517
266.905
296.573
28.671
276.078
258.722
199.983
155.218
885.739
832.678
902.594
168.911
21.155
277.985
29.766
294.356
285.276
26.587
217.021
155.621
10.1948
995.363
929.735
176.636
221.382
255.462
290.615
289.225
277.522
250.285
203.183
12.6042
942.256
972.695
12.1566
155.658
198.269
247.684
287.806
285.988
270.211
242.356
193.879
130.002
9.5386
758.665
10.6784
149.643
193.156
271.895
287.607
293.498
282.618
246.355
205.344
145.055
881.664
777.159
932.812
154.089
208.591
258.169
297.151
290.787
274.257
241.693
202.582
142.264
926.809
863.298
897.622
155.838
201.605
237.542
280.569
289.401
273.003
257.006
21.495
152.376
910.705
885.667
973.737
174.293
232.014
268.129
292.158
293.536
270.996
248.829
200.726
14.991
11.0271
852.109
11.1049
165.204
220.116
257.362
288.851
295.393
27.966
249.959
200.123
147.231
10.3632
844.368
977.555
163.721
216.004
251.684
29.537
285.296
271.817
244.411
198.052
137.708
923.425
790.866
10.4678
171.981
216.474
237.969
293.877
297.142
27.766
241.265
202.729
140.058
10.1345
701.882
805.247
17.076
232.879
260.975
286.138
285.526
27.719
254.232
214.559
14.023
10.3019
918.545
12.4607
152.092
191.603
246.877
29.429
29.552
280.936
248.684
201.619
12.5964
10.0698
701.288
892.672
145.618
208.602
254.843
288.465
289.607
273.294
249.367
213.324
14.803
10.6933
809.961
10.8143
156.366
218.333
270.178
291.673
290.433
276.165
24.443
211.053
151.728
938.718
725.885
890.064
176.433
226.193
264.412
29.09
283.686
268.937
253.313
200.875
150.247
761.744
649.648
942.237
159.683
203.948
260.374
289.044
282.107
273.902
251.193
207.713
147.973
975.092
959.812
796.542
158.276
227.935
255.731
28.444
280.122
28.762
252.875
208.407
148.979
10.4747
10.2049
10.8699
16.603
228.721
250.947
290.959
289.709
26.978
258.022
205.029
151.777
9.0796
696.584
11.0385
153.429
199.956
257.179
293.964
292.275
265.425
244.015
205.593
155.051
11.6414
622.931
130.946
151.478
215.973
246.452
292.119
289.992
279.458
256.604
200.248
149.063
11.3128
6.6209
10.9282
162.138
18.777
252.229
282.725
284.659
272.477
248.055
198.651
150.273
10.0699
720.295
11.5836
143.037
207.998
284.465
286.827
28.51
27.788
257.855
214.206
143.463
968.323
769.728
10.9572
145.725
20.092
262.653
296.215
286.578
281.379
252.788
195.614
145.102
849.138
764.421
940.673
157.825
220.969
282.997
284.752
290.276
281.275
252.984
208.295
134.783
10.133
917.465
10.3768
132.136
191.503
25.897
292.542
288.703
280.987
263.639
212.804
154.489
11.909
998.493
11.6089
14.61
205.647
265.984
292.994
296.485
270.486
249.045
216.449
16.265
10.5001
836.705
12.4462
179.988
232.831
274.563
294.035
289.097
286.478
249.377
233.141
157.322
11.3193
814.011
10.4589
174.324
230.039
263.929
290.857
285.125
271.215
248.394
210.519
166.865
9.3286
774.994
11.2294
163.537
205.152
25.511
285.611
285.903
276.381
256.657
20.565
154.663
12.1435
860.892
985.891
161.931
214.394
266.978
292.609
293.945
273.187
242.629
202.588
155.398
920.158
676.212
971.662
161.434
201.679
256.208
290.594
284.821
278.279
25.589
205.964
154.704
925.073
8.8577
12.1947
156.397
247.555
276.181
29.826
294.493
279.567
254.033
223.678
136.908
805.579
820.268
10.8427
172.128
22.785
269.956
296.508
292.969
287.425
259.524
20.499
170.484
10.2341
891.023
10.3608
155.986
224.834
275.979
284.181
292.039
275.069
254.886
21.307
138.187
10.2194
864.658
10.2045
16.167
227.572
278.123
276.135
290.738
271.366
26.273
194.857
12.9907
9.8119
839.886
783.502
145.453
194.117
260.093
289.187
288.672
273.896
241.737
202.951
134.808
755.997
8.342
960.423
151.646
193.428
254.909
278.683
287.649
274.909
259.301
231.378
158.826
11.5474
880.908
12.0162
156.622
227.377
263.735
293.529
285.421
271.008
247.101
202.485
147.995
979.886
842.039
12.6862
180.881
217.689
261.404
291.311
293.014
275.025
250.631
203.011
153.224
12.9481
805.773
10.4943
161.464
217.416
266.844
29.099
287.146
280.352
256.102
192.283
152.415
987.112
833.256
11.8311
176.331
201.084
241.422
285.932
288.129
275.663
254.361
202.003
150.889
11.1069
8.1772
11.2207
158.827
216.388
278.745
284.585
273.943
265.273
257.572
200.055
145.194
10.2144
762.479
940.956
151.977
192.207
235.107
280.138
28.934
273.497
243.486
202.524
151.758
10.443
10.4826
11.2078
171.515
234.353
254.803
292.229
292.977
279.763
255.216
208.029
147.928
11.5139
826.172
982.432
171.933
22.046
256.553
293.652
280.893
28.161
262.621
22.334
146.366
975.349
876.008
131.981
143.608
196.976
253.706
293.032
287.091
282.886
257.451
208.258
146.552
966.539
917.013
909.557
16.712
202.747
261.231
286.842
288.716
279.087
264.479
202.093
137.978
974.896
812.009
12.1998
163.822
219.979
258.001
287.331
289.729
277.405
241.681
200.197
138.918
932.446
927.652
132.863
163.024
212.156
246.016
295.692
294.326
280.886
252.801
220.994
158.677
10.5231
591.348
10.6336
177.988
220.596
256.587
281.009
283.536
28.295
250.969
193.908
136.943
847.349
10.4216
10.9227
158.087
18.726
245.479
285.565
28.412
267.583
249.747
222.042
162.269
928.412
10.2415
132.975
157.347
202.439
25.52
290.107
284.109
275.495
246.629
209.205
132.775
9.1559
716.669
12.3515
152.662
20.375
247.303
286.965
291.326
272.929
25.532
204.776
156.108
950.393
7.6518
866.805
16.227
212.904
238.922
290.917
288.278
27.579
25.259
204.678
152.789
10.2336
829.291
993.885
187.145
216.886
249.806
291.478
292.691
277.145
250.432
217.138
155.467
11.5726
903.377
11.4332
153.094
228.451
270.705
29.28
287.569
28.634
255.764
216.389
149.196
10.5616
774.281
11.1406
166.588
233.466
267.837
291.591
282.092
275.819
246.091
200.397
156.412
11.1905
847.586
7.1458
158.181
204.903
25.669
290.941
282.412
269.078
24.463
201.057
158.631
987.479
716.177
11.6869
158.208
225.258
267.701
301.281
285.222
275.854
256.705
204.198
148.984
948.835
819.593
8.173
17.74
227.606
258.675
281.238
289.807
278.972
255.687
192.896
144.161
903.787
753.072
9.4018
147.406
210.544
259.698
282.626
280.591
275.889
252.221
208.178
138.608
10.4788
950.869
10.3223
144.527
207.216
260.356
28.09
288.777
269.977
250.692
216.511
146.568
10.1933
768.699
11.0861
186.074
221.772
256.031
28.907
288.892
276.078
249.115
223.235
168.919
11.6453
803.211
10.4184
146.407
222.052
275.054
298.194
277.014
276.038
251.838
209.816
152.975
11.4317
923.467
10.6324
142.021
228.234
23.842
293.925
293.805
270.829
247.969
212.903
149.688
10.9745
870.261
11.335
151.336
234.625
267.814
291.966
290.086
278.459
25.144
216.087
155.323
10.9274
9.3686
11.545
16.064
226.124
266.235
289.905
285.818
274.587
254.305
201.296
146.573
11.015
906.027
901.251
137.538
21.094
24.662
287.336
290.474
276.932
248.136
213.597
150.355
985.679
875.392
10.0849
140.165
19.021
257.748
287.549
288.602
280.313
263.524
20.402
152.956
9.9931
805.132
8.2811
179.296
223.283
272.413
299.365
283.113
278.858
243.607
194.797
153.749
986.472
885.419
12.2303
176.502
216.968
262.307
290.758
285.916
272.145
250.969
202.161
155.024
10.5554
794.782
10.1744
147.358
216.092
25.734
290.014
281.351
267.377
247.164
214.811
156.042
907.079
9.5601
11.8572
16.697
218.214
243.446
284.723
28.99
287.271
265.997
209.078
160.856
11.063
10.2191
11.958
159.193
232.295
278.879
295.936
290.701
276.918
260.382
210.298
160.212
11.6383
785.848
951.724
152.886
202.563
250.662
283.993
278.903
268.069
252.399
212.342
15.903
11.0325
10.5656
10.9966
148.798
212.646
274.862
291.841
289.034
279.642
260.024
204.374
161.345
10.4213
8.2829
999.503
155.038
205.152
251.976
290.619
293.048
27.745
252.474
201.716
154.148
11.6744
906.016
10.5495
14.731
199.273
249.313
292.299
284.087
269.621
242.183
206.592
15.64
12.1524
877.164
132.686
147.936
216.325
270.292
289.541
282.827
27.834
258.537
205.806
164.152
11.4759
952.572
10.397
176.477
203.414
26.505
295.395
282.426
276.323
238.697
201.672
168.134
10.6588
865.067
11.3525
147.091
200.073
261.724
295.621
287.296
277.186
252.638
216.044
153.296
10.2254
836.005
11.8006
169.391
220.081
250.169
28.334
284.034
270.528
258.551
203.651
142.503
9.9332
851.052
11.0733
155.146
199.341
240.034
278.558
292.669
273.021
257.255
198.213
147.835
954.585
901.244
10.9107
156.202
228.289
266.166
28.533
290.016
283.712
258.367
217.597
155.877
11.5113
862.707
11.9247
166.285
232.143
268.752
291.077
292.285
276.811
266.208
221.888
168.504
11.3234
958.937
10.2385
160.165
240.088
287.896
289.764
282.836
276.537
254.155
220.832
15.753
11.5061
857.782
11.7034
168.941
225.681
283.372
289.762
285.291
277.208
252.692
219.897
163.373
12.4597
943.203
10.872
17.412
231.135
278.393
294.699
290.707
281.767
24.792
219.352
162.022
11.368
947.909
11.7875
164.475
227.893
254.632
296.845
284.658
277.522
254.462
211.864
147.137
10.7938
987.077
12.7219
196.016
238.518
268.944
288.135
289.904
277.039
257.541
200.202
166.354
11.7563
835.979
9.7477
168.687
215.074
249.898
294.413
286.651
278.629
26.276
217.352
15.838
10.5205
868.721
146.439
167.655
225.519
287.866
284.014
294.468
275.133
255.114
229.712
164.192
10.2379
910.904
12.3171
159.347
243.705
267.675
288.231
286.904
280.883
257.563
203.909
169.521
10.2164
683.578
989.503
189.894
218.502
270.943
298.011
290.324
270.904
255.409
224.863
158.319
11.7252
10.0305
130.069
177.157
21.516
275.519
285.178
293.437
290.663
261.628
213.392
153.006
11.3757
10.2605
11.7885
197.456
246.826
272.414
285.066
28.729
276.291
250.014
225.987
158.396
997.607
838.794
11.4127
171.996
218.318
281.891
299.848
288.677
280.998
253.481
217.935
173.903
10.1934
789.622
910.051
160.177
217.783
263.565
290.143
296.738
27.964
251.985
209.427
157.487
10.9512
9.2059
10.7169
147.599
220.156
272.735
298.533
295.909
277.081
268.228
231.727
157.483
10.9647
922.441
10.135
15.858
220.136
25.803
303.058
298.137
28.506
263.865
222.904
158.981
10.0999
950.221
10.567
158.797
230.622
271.174
294.065
287.141
277.268
253.179
22.379
162.182
10.8177
10.7526
12.5766
17.29
23.092
279.996
302.144
296.574
276.332
267.179
223.982
157.672
12.8763